/Users/khiner/Development/aubio/python/scripts/Be I Do (Jameszoo Remix).mp3::44100::9537415::0.40
/Users/khiner/Development/aubio/The Beatles-Hey Jude.mp3::44100::6773060::0.40
_
46:0,97814.058957,98673.197279|0,142860.770975,142994.285714|1,166957.278912,167125.623583
47:0,33697.959184,33959.183674
48:0,150180.861678,150262.131519|1,87254.78458,87649.523809
50:0,104867.120181,105047.07483000001
51:0,224438.276644,224867.845805|0,227044.716553,227462.675737|1,181638.095238,181823.85487500002
52:0,12265.941043,12689.705215|0,21611.972789,22122.811791|0,23405.714286,23835.283446999998|0,26412.698413,26836.462584999997|0,30969.614512,31550.113378000002|0,37122.902494,37982.040816|0,38835.37415,39694.512472|0,39694.512472,40124.081633|0,40983.219955,41830.7483|0,44466.213152,44837.732425999995|0,47920.181406,48262.675737000005|0,49789.387755,49980.952381|0,50834.285714,51263.854875|0,51507.664399,51693.424036000004|0,78268.662132,78309.297053|0,80840.272109,81269.84127|1,114834.285714,115020.045351
53:1,9392.471655,9816.235826999999|1,101169.342404,101355.10204099999
54:0,61219.410431,61323.900227|0,61323.900227,61428.390023|0,74785.668934,74826.303855|0,75041.088435,75122.358276|0,78390.566893,78471.836734|0,78471.836735,78553.106576|0,85228.843537,85298.503401|0,88746.666667,88810.521542|0,109859.410431,109981.315193|0,116993.741497,117330.430839|0,130403.265306,130554.195011|0,144422.312925,144712.562358|0,147539.591837,147696.32653100003|0,151278.004535,151382.494331|0,159004.444444,159074.10430799998|0,159074.104308,159132.154195|0,195477.188209,195691.97278900002|0,220606.984127,221471.927438|0,227921.269841,228327.61904700001|1,96316.371882,96513.74149700001
55:0,20439.365079,20834.104307999998|0,54526.258503,54642.358276|0,54642.358277,54752.653062|0,54868.752834,54979.047619|0,58171.791383,58282.086168|0,58282.086168,58386.575964|0,60975.600907,61120.725624|0,61428.390023,61532.879819|0,61532.879819,61631.564626|0,61631.564626,61736.054422|0,61736.054422,61840.544218|0,64830.113379,64922.993198000004|0,64922.993197,65021.678004|0,65120.362812,65219.047619|0,68156.371882,68249.251701|0,68249.251701,68342.13152|0,68342.131519,68435.011338|0,68527.891156,68620.77097499999|0,68620.770975,68713.650794|0,68713.650794,68806.530613|0,75122.358277,75209.433107|0,75209.433107,75290.702948|0,75290.702948,75371.972789|0,75459.047619,75540.31746|0,78553.106576,78628.571429|0,78628.571429,78709.84127|0,78866.575964,78947.845805|0,82041.904762,82117.369615|0,82268.29932,82343.764173|0,82343.764172,82419.229025|0,85368.163265,85437.823129|0,85513.287982,85582.947846|0,85722.267574,85791.927438|0,88868.571429,88926.621316|0,88926.621315,88984.671202|0,88984.671202,89042.721089|0,89042.721088,89100.770975|0,89100.770975,89158.82086200001|0,89158.820862,89216.870749|0,92351.564626,92403.80952400001|0,92508.29932,92554.739229|0,92554.739229,92606.984127|0,92606.984127,92659.22902500001|0,92705.668934,92757.913832|0,95747.482993,95799.727891|0,95799.727891,95846.1678|0,95944.852608,95997.097506|0,95997.097506,96049.34240400001|0,96049.342404,96095.78231299999|0,124720.181406,125027.845805|0,159619.773243,159695.23809600002|1,13740.408163,14111.927437
56:0,66571.609977,67982.222222|0,95642.993197,95695.23809500001|0,95695.238095,95747.482993|0,159196.00907,159259.863945|0,174857.868481,175119.092971|0,175119.092971,175449.977325|0,188569.251701,188836.281179|1,98754.46712,98951.836735
57:0,93332.60771,93495.14739299999|0,107601.269841,107752.199546|0,142419.591837,142547.301588|0,161001.360544,161407.70975|0,224867.845805,225303.21995499998|0,225732.789116,226179.773243|1,2304.580499,2972.154195|1,12927.709751,13316.643991|1,94714.195011,94888.344671|1,99346.575964,99549.75056700001|1,99549.750567,99694.875284|1,99694.875283,99758.730158|1,114009.977324,114213.15192700001|1,159968.072562,160142.22222199998|1,165291.247166,165894.96598699997
58:0,94807.07483,95445.623583|0,107752.199546,107897.324263|0,108942.222222,109087.346939|0,109087.346939,109365.986395|0,113237.913832,113406.258503|0,149710.657596,149786.12244900002|0,149786.122449,149826.75736999998|0,150523.356009,150569.79591800002|0,154134.058957,154383.673469|0,215063.219955,215109.65986400002|0,221471.927438,221872.471656|0,223579.138322,224008.707483|0,229186.75737,229627.936508|0,231293.968254,231717.732426|0,231717.732426,232118.276644|0,232118.276644,232559.455782|0,232559.455782,233000.63492|1,33239.365079,34034.648526000004|1,93100.408163,93262.947846|1,99155.011338,99346.575964
59:0,20015.600907,20439.365079|0,25547.755102,25983.129252|0,52976.326531,53411.700681|0,80404.897959,80840.272109|0,107305.21542,107392.29024999999|0,107897.324263,108042.44898|0,108042.44898,108193.378685|0,108640.362812,108785.487529|0,108785.487528,108942.222222|0,109754.920635,109859.410431|0,166179.410431,166550.929705|1,3773.24263,4191.201814|1,20050.430839,21234.648526|1,22000.907029,22372.426303
60:0,19144.852608,19591.836735|0,46979.773243,47409.342404|0,59437.278912,59837.823130000004|0,107014.965986,107160.090703|0,107160.090703,107305.21542|0,108193.378685,108344.30839|0,108344.30839,108489.433107|0,108489.433107,108640.362812|0,122833.560091,123059.954649|0,136550.748299,136811.972789|0,156531.519274,156583.764172|0,163979.319728,164205.714286|0,188836.281179,189126.530612|1,11418.412698,12927.70975|1,39259.138322,39682.902494|1,102748.29932,102957.27891200001|1,129938.866213,130345.215419
61:0,122647.800454,122752.29024999999|0,150076.371882,150180.86167800002|0,160136.417234,160536.961452|0,175449.977324,175537.052154
62:0,105517.278912,105761.08843599999|0,105761.088435,105964.263038|0,105964.263039,106138.412699|1,11035.283447,11418.412699|1,14535.69161,14924.62585|1,39682.902494,40466.575963
63:0,155248.61678,155393.741497|0,156583.764172,156641.814059
64:0,2838.639456,3691.972789|0,30331.06576,30969.614513|0,101030.022676,101244.807256|0,101244.807256,101674.376417
65:0,64632.743764,64731.428571|0,68063.492063,68156.37188199999|0,78309.297052,78390.566893|0,81740.045351,81815.51020399999|0,85153.378685,85228.843538|0,88630.566893,88688.61678|0,92003.265306,92055.510204|0,95445.623583,95492.06349199999|0,112988.29932,113237.913832|0,120343.219955,120569.614513|0,126699.68254,126949.297052|0,126949.297052,127123.44671199999|0,222319.455782,222743.219954|1,9816.235828,10628.934241|1,42300.952381,42701.496599000006|1,100159.274376,100559.818594
66:0,54415.963719,54526.258504|0,81815.510204,81890.975057|0,81890.975057,81966.43991|0,92101.950113,92154.195011|0,109650.430839,109754.92063499999|0,110422.494331,110486.349206|0,111316.462585,111548.662131|0,116448.072562,116686.077097|0,116686.077098,116837.006803|0,130159.455782,130403.265306|0,144114.648526,144265.578231|0,157576.417234,157826.031746|0,157826.031746,157982.76644|0,220142.585034,220606.98412699997|0,229627.936508,230022.675737|0,230876.00907,231293.968254
67:0,57742.222222,57846.712018|0,71424.580499,71505.85034|0,71505.85034,71598.730159|0,81966.439909,82041.90476199999|0,88810.521542,88868.571429|0,92200.634921,92252.87981900001|0,92252.879819,92305.124717|0,96745.941043,97814.058957|0,150262.131519,150523.35600899998|0,159132.154195,159196.00907
68:0,110486.349206,110648.888889
69:0,101674.376417,102103.94557800001
70:0,111943.401361,112105.94104399999|0,119873.015873,120105.215419|0,120105.21542,120261.95011399999|0,122357.55102,122398.185941|0,125660.589569,125823.129252|0,133590.204082,133822.403628|0,133822.403628,133973.333333|0,139371.972789,139534.512472|0,147289.977324,147539.591836
71:0,230022.675737,230458.049887
72:0,102103.945578,102527.70975|0,115275.464853,115391.56462599999|0,115391.564626,115438.004535|0,118845.53288,119066.122449|0,132562.721088,132777.505668|0,142704.036281,142820.136054|0,142820.136054,142860.770975|0,146274.104308,146471.473923|0,188128.072562,188569.2517
73:0,160699.501134,161001.360544|0,212747.029478,212839.909297|0,213861.587302,214128.61678
75:0,164374.058957,164838.45805000002|0,202036.825397,202547.664399
76:0,102527.709751,103108.208617
77:0,123059.954649,123100.58957000001|0,123100.589569,123141.22449000001|0,136811.972789,136858.412698|0,140416.870748,140666.48526|0,164205.714286,164374.058957|0,222743.219955,223161.179139
78:0,143865.034014,144114.648526|0,179896.598639,180262.312925
79:0,122752.290249,122833.56009|0,136469.478458,136550.748299|0,163898.049887,163979.319728
80:0,122595.555556,122647.80045400001|0,136306.938776,136359.183674|0,163735.510204,163898.049887
81:0,98673.197279,99741.315193|0,115635.37415,115786.303855|0,129346.75737,129503.492064
82:0,112105.941043,112175.600907|0,115438.004535,115501.85941|0,122282.086168,122357.55102099999|0,125823.129252,125892.789116|0,129155.192744,129213.242631|0,135993.469388,136068.934241|0,139534.512472,139604.172336|0,158766.439909,158824.489796|0,163422.040816,163538.140589
84:0,125300.680272,125405.17006799999|0,125405.170068,125660.589569|0,134693.151927,134832.471655
85:0,114991.020408,115118.730159|0,128708.208617,128835.918368|0,128835.918367,129102.947845|0,132266.666667,132562.721089
86:0,110648.888889,110823.03854899999|0,124133.877551,124197.732426|0,135343.310658,135482.630386|0,151568.253968,151788.843537|0,151788.843537,151968.798186|0,153321.360544,153687.07483|0,161407.709751,161697.95918399998
87:0,110242.539683,110288.97959199999|0,113876.462585,114102.857143|0,114102.857143,114253.786848|0,117330.430839,117556.825397|0,117556.825397,117684.535148|0,117800.634921,118206.984127|0,123953.922902,124133.87755100001|0,124197.732426,124360.272109|0,124360.272109,124540.226758|0,127593.650794,127820.045352|0,127820.045351,127965.17006799999|0,131041.814059,131268.208617|0,131268.208617,131395.91836799998|0,131512.018141,131842.90249500002|0,134443.537415,134519.002268|0,134519.002268,134623.49206400002|0,137671.111111,137717.55102|0,137717.55102,137851.06575900002|0,141531.428571,141682.35827599998|0,144985.396825,145118.911564|0,145229.206349,145571.70067999998|0,151382.494331,151568.253968|0,176355.555556,176396.190477|0,190066.938776,190107.57369699999
88:0,107392.290249,107601.269841|0,177174.058957,177249.52381|0,190891.247166,190966.712019|0,214302.76644,214569.79591800002
89:0,165320.272109,165552.471655|0,179031.655329,179269.659864
90:0,165552.471655,165680.181406|0,166893.424036,167108.20861600002|0,169006.439909,169110.92970500002|0,170759.546485,170823.40136|0,179269.659864,179397.36961499997|0,180604.807256,180825.396825|0,182723.628118,182822.312925|0,184470.929705,184540.58956899997|0,191570.430839,191709.750567
91:0,169639.183673,169975.873015
92:0,183350.566893,183687.256235|0,196899.410431,197009.705216
95:0,21066.303855,21611.972789
98:0,100165.079365,101030.022676
100:0,99741.315193,99938.684808|0,99938.684807,100165.079365
106:1,133596.00907,133984.94331
107:1,201264.761905,201433.106576|1,213611.972789,213774.512472|1,213989.297052,214157.641723
109:0,120569.614512,120685.714285
116:1,175931.791383,176140.770975
118:1,19911.111111,20050.430838999997
